epochs train test
0       46.27786636352539    51.81733322143555
1       52.506534576416016    53.86133575439453
2       53.64186477661133    53.29199981689453
3       53.83226776123047    53.96466827392578
4       53.992401123046875    54.63600158691406
5       53.64027404785156    55.003334045410156
6       53.97773742675781    55.46466827392578
7       53.689735412597656    52.49200439453125
8       54.008140563964844    53.388004302978516
9       53.9553337097168    52.29933547973633
10       53.83906936645508    54.89266586303711
11       53.83213424682617    53.68933868408203
12       53.745601654052734    55.28666305541992
13       53.92159652709961    53.433998107910156
14       53.660667419433594    55.39800262451172
15       54.011207580566406    54.25999450683594
16       53.875732421875    51.518001556396484
17       53.87853240966797    54.37333297729492
18       53.999332427978516    53.24666976928711
19       53.950401306152344    54.30332946777344
20       53.959468841552734    55.12800598144531
21       53.96560287475586    53.81599807739258
22       53.97346878051758    50.975341796875
23       53.992000579833984    54.269996643066406
24       54.09853744506836    53.79000473022461
25       54.10906982421875    53.83266830444336
26       54.177734375    53.06800842285156
27       54.04053497314453    54.2486686706543
28       54.280799865722656    52.751338958740234
29       54.08519744873047    53.708675384521484
30       54.22227096557617    52.807334899902344
31       54.105072021484375    53.67133712768555
32       53.8150749206543    54.22133255004883
33       53.963199615478516    54.078670501708984
34       54.076534271240234    55.034000396728516
35       53.98586654663086    54.57067108154297
36       53.92853546142578    55.23066711425781
37       54.1721305847168    54.941993713378906
38       54.33654022216797    51.58333969116211
39       54.03573226928711    53.56266784667969
40       54.184139251708984    54.629337310791016
41       54.047603607177734    53.49600601196289
42       53.97493362426758    55.532005310058594
43       53.98319625854492    54.63066101074219
44       54.00947189331055    54.675331115722656
45       54.17213821411133    53.84532928466797
46       54.27533721923828    52.093994140625
47       54.04560470581055    54.347999572753906
48       54.377601623535156    53.37000274658203
49       54.200531005859375    53.64533996582031
50       54.12333297729492    54.77467346191406
51       54.07200241088867    53.80333709716797
52       54.190006256103516    54.7066650390625
53       54.228538513183594    53.83400344848633
54       54.055599212646484    52.742671966552734
55       54.153594970703125    54.15199661254883
56       54.278011322021484    52.46733856201172
57       53.95507049560547    53.720664978027344
58       54.0217399597168    52.95466613769531
59       54.114131927490234    54.753334045410156
60       54.180931091308594    53.634002685546875
61       54.23333740234375    54.72466278076172
62       54.089202880859375    55.628665924072266
63       54.119606018066406    53.34599304199219
64       54.161598205566406    54.80000305175781
65       54.12453079223633    52.68667221069336
66       54.09053039550781    53.61399841308594
67       54.02893829345703    55.2933349609375
68       54.04413604736328    54.686668395996094
69       54.14360046386719    52.39266586303711
70       54.05000305175781    55.95333480834961
71       54.27653503417969    53.82200241088867
72       54.189605712890625    52.62533187866211
73       54.27146911621094    53.954002380371094
74       54.170135498046875    52.718666076660156
75       54.104801177978516    53.99399948120117
76       54.09373474121094    53.140663146972656
77       54.04226303100586    55.47133255004883
78       54.17493438720703    54.2660026550293
79       53.12507629394531    53.59400177001953
80       55.88973617553711    57.44533157348633
81       56.89746856689453    57.90667724609375
82       57.391868591308594    58.08066940307617
83       57.680267333984375    59.279998779296875
84       57.760807037353516    58.81200408935547
85       58.10933303833008    59.35599899291992
86       57.965335845947266    57.74733352661133
87       58.294803619384766    59.279335021972656
88       58.377864837646484    59.878662109375
89       58.4161376953125    59.05399703979492
90       58.55746841430664    58.63200759887695
91       58.508934020996094    58.17533493041992
92       58.57120132446289    59.97866439819336
93       58.610008239746094    59.474002838134766
94       58.695865631103516    58.99533462524414
95       58.659873962402344    57.8986701965332
96       58.67974090576172    59.01000213623047
97       58.891197204589844    58.81733322143555
98       58.847999572753906    60.2920036315918
99       58.92560577392578    58.229331970214844
100       58.863338470458984    59.50133514404297
101       58.98640060424805    59.218666076660156
102       58.851863861083984    59.582000732421875
103       59.037864685058594    60.44333267211914
104       59.121334075927734    60.517333984375
105       59.131465911865234    58.83466339111328
106       59.11946487426758    58.17000198364258
107       59.144935607910156    59.517333984375
108       59.05973434448242    59.715335845947266
109       59.18426513671875    56.968666076660156
110       59.097469329833984    58.638004302978516
111       59.043331146240234    59.68000411987305
112       59.18239974975586    59.41267013549805
113       59.25706100463867    59.65999984741211
114       59.21786880493164    58.76466369628906
115       59.065067291259766    57.26934051513672
116       59.305999755859375    60.08933639526367
117       59.308265686035156    55.51266860961914
118       59.26186752319336    59.08133316040039
119       59.335601806640625    60.09600067138672
120       59.957069396972656    61.15800476074219
121       60.244266510009766    60.874671936035156
122       60.29387283325195    60.6200065612793
123       60.26906204223633    61.13933181762695
124       60.484535217285156    61.093997955322266
125       60.43227005004883    61.26333236694336
126       60.479732513427734    61.03466796875
127       60.586666107177734    61.07933044433594
128       60.487606048583984    61.00132751464844
129       60.47346496582031    61.17000198364258
130       60.476402282714844    61.26399230957031
131       60.516937255859375    61.43000793457031
132       60.74266815185547    61.3180046081543
133       60.586936950683594    61.320003509521484
134       60.52826690673828    61.2053337097168
135       60.612937927246094    61.25334167480469
136       60.49626922607422    61.30533218383789
137       60.54759979248047    60.745338439941406
138       60.668670654296875    61.5333366394043
139       60.68893051147461    61.234004974365234
140       60.612403869628906    61.0880012512207
141       60.63613510131836    61.26000213623047
142       60.643333435058594    61.16933059692383
143       60.765869140625    61.1806640625
144       60.689064025878906    61.365333557128906
145       60.73360061645508    61.25466537475586
146       60.6329345703125    61.10866928100586
147       60.4986686706543    61.56333923339844
148       60.69746780395508    61.39800262451172
149       60.705596923828125    61.32400131225586
150       60.82639694213867    61.328006744384766
151       60.78173828125    61.33800506591797
152       60.71253967285156    61.4913330078125
153       60.69679641723633    61.60333251953125
154       60.762264251708984    61.36866760253906
155       60.78240203857422    61.32400131225586
156       60.8524055480957    61.771331787109375
157       60.82093811035156    61.50599670410156
158       60.75586700439453    61.42067337036133
159       60.802001953125    61.49733352661133
160       60.92359924316406    61.365333557128906
161       60.89973068237305    61.526668548583984
162       60.9379997253418    61.19733428955078
163       60.897735595703125    61.74867248535156
164       60.86573028564453    61.638675689697266
165       60.80399703979492    61.294677734375
166       60.6862678527832    61.34466552734375
167       60.36840057373047    61.2586669921875
168       60.379600524902344    61.13200759887695
169       60.23706817626953    61.10400390625
170       60.22840118408203    61.07866287231445
171       60.2050666809082    61.04066848754883
172       60.36000061035156    61.120670318603516
173       59.9827995300293    61.202667236328125
174       60.27666473388672    61.097328186035156
175       60.232269287109375    61.04999923706055
176       60.196006774902344    61.11466979980469
177       60.17880630493164    61.183998107910156
178       60.136802673339844    61.130001068115234
179       60.12613296508789    61.166664123535156
180       60.20866012573242    61.176002502441406
181       60.212799072265625    60.922672271728516
182       60.21053695678711    61.09600067138672
183       60.23107147216797    61.10932922363281
184       60.21720504760742    61.14533615112305
185       60.31280517578125    61.28266906738281
186       60.288936614990234    61.12933349609375
187       60.2484016418457    61.324668884277344
188       60.29640579223633    61.0460090637207
189       60.184932708740234    61.24000930786133
190       60.4278678894043    61.34467315673828
191       60.302268981933594    61.36467361450195
192       60.33533477783203    61.35133361816406
193       60.381072998046875    61.259334564208984
194       60.45440673828125    61.355323791503906
195       60.35120391845703    61.501338958740234
196       60.29880142211914    61.514671325683594
197       60.427738189697266    61.367332458496094
198       60.377071380615234    61.30400085449219
199       60.434532165527344    61.460670471191406
0       38.60199737548828    48.30999755859375
1       54.19199752807617    54.12999725341797
2       62.36399841308594    64.01000213623047
3       67.52999877929688    69.8699951171875
4       71.7459945678711    69.93999481201172
5       74.3479995727539    71.5199966430664
6       76.52399444580078    75.13999938964844
7       78.0479965209961    76.4000015258789
8       79.66600036621094    76.58999633789062
9       80.56599426269531    72.91999816894531
10       81.40599822998047    77.68000030517578
11       82.85800170898438    78.65999603271484
12       83.42399597167969    78.11000061035156
13       84.00199890136719    81.8699951171875
14       84.51599884033203    80.25
15       85.0999984741211    82.79000091552734
16       85.55599975585938    81.04999542236328
17       86.15999603271484    81.3699951171875
18       86.45199584960938    79.93999481201172
19       87.2760009765625    81.29999542236328
20       87.45600128173828    83.15999603271484
21       87.63199615478516    83.2699966430664
22       88.01799774169922    83.33999633789062
23       88.54399871826172    83.32999420166016
24       88.62999725341797    82.3699951171875
25       88.94200134277344    83.8499984741211
26       89.25999450683594    84.70999908447266
27       89.37799835205078    84.0999984741211
28       89.85199737548828    80.29999542236328
29       90.07599639892578    84.54000091552734
30       90.04399871826172    84.86000061035156
31       90.43599700927734    84.1500015258789
32       90.4020004272461    84.94999694824219
33       90.65399932861328    84.02999877929688
34       90.74800109863281    85.68000030517578
35       91.22799682617188    83.3499984741211
36       91.5459976196289    85.95999908447266
37       91.39199829101562    85.5
38       91.72799682617188    85.68000030517578
39       91.68799591064453    83.82999420166016
40       91.93199920654297    85.43000030517578
41       92.10599517822266    85.6500015258789
42       92.40399932861328    86.25999450683594
43       92.3740005493164    85.88999938964844
44       92.53599548339844    86.72999572753906
45       92.60599517822266    87.07999420166016
46       92.7439956665039    85.44999694824219
47       92.78399658203125    86.4000015258789
48       92.85599517822266    85.88999938964844
49       93.02999877929688    86.00999450683594
50       93.28799438476562    86.93000030517578
51       93.28599548339844    85.91999816894531
52       93.2959976196289    87.11000061035156
53       93.40799713134766    86.55999755859375
54       93.50799560546875    86.8699951171875
55       93.54000091552734    84.31999969482422
56       93.68399810791016    87.20999908447266
57       93.79999542236328    85.77999877929688
58       94.0    84.54999542236328
59       93.98400115966797    87.02999877929688
60       93.9959945678711    86.52999877929688
61       94.05199432373047    86.86000061035156
62       94.25399780273438    86.45999908447266
63       94.34600067138672    86.68000030517578
64       94.18199920654297    86.4000015258789
65       94.4739990234375    86.47999572753906
66       94.4739990234375    86.69999694824219
67       94.47799682617188    87.5999984741211
68       94.48799896240234    87.18999481201172
69       94.69400024414062    87.04999542236328
70       94.80400085449219    86.68000030517578
71       94.66999816894531    87.6199951171875
72       94.83799743652344    86.18999481201172
73       94.86000061035156    87.73999786376953
74       94.86000061035156    86.13999938964844
75       94.9739990234375    85.6500015258789
76       94.96199798583984    86.7699966430664
77       94.8479995727539    85.37999725341797
78       95.05599975585938    86.94999694824219
79       94.89399719238281    86.11000061035156
80       94.97799682617188    85.72000122070312
81       95.18399810791016    85.62999725341797
82       95.0459976196289    86.94999694824219
83       95.14599609375    86.32999420166016
84       95.21599578857422    87.6500015258789
85       95.33599853515625    86.27999877929688
86       95.50999450683594    88.08999633789062
87       95.36399841308594    87.30999755859375
88       95.343994140625    87.6199951171875
89       95.41199493408203    88.33999633789062
90       95.33799743652344    88.32999420166016
91       95.50999450683594    88.50999450683594
92       95.57999420166016    86.55999755859375
93       95.56399536132812    88.16999816894531
94       95.57599639892578    86.93999481201172
95       95.58999633789062    87.44999694824219
96       95.7719955444336    87.58999633789062
97       95.58599853515625    87.13999938964844
98       95.51799774169922    87.06999969482422
99       95.88800048828125    88.0199966430664
100       97.68799591064453    90.56999969482422
101       98.3479995727539    90.6199951171875
102       98.72000122070312    90.68999481201172
103       98.72799682617188    91.04000091552734
104       98.91199493408203    90.98999786376953
105       98.91799926757812    90.7699966430664
106       99.09600067138672    91.00999450683594
107       99.11199951171875    91.06999969482422
108       99.11799621582031    90.97000122070312
109       99.14999389648438    90.94999694824219
110       99.22599792480469    91.1199951171875
111       99.20800018310547    90.91999816894531
112       99.30400085449219    91.07999420166016
113       99.29399871826172    91.00999450683594
114       99.26799774169922    91.00999450683594
115       99.343994140625    91.07999420166016
116       99.33200073242188    90.95999908447266
117       99.35599517822266    91.13999938964844
118       99.38399505615234    91.08999633789062
119       99.40399932861328    90.98999786376953
120       99.45399475097656    91.0199966430664
121       99.43199920654297    91.04000091552734
122       99.42599487304688    90.95999908447266
123       99.47599792480469    90.91999816894531
124       99.50599670410156    90.97000122070312
125       99.50799560546875    90.93000030517578
126       99.5    91.05999755859375
127       99.47599792480469    91.11000061035156
128       99.5219955444336    91.25
129       99.55999755859375    91.18999481201172
130       99.51200103759766    91.25
131       99.56599426269531    91.37999725341797
132       99.56199645996094    91.1199951171875
133       99.62799835205078    91.16999816894531
134       99.52999877929688    91.08999633789062
135       99.5979995727539    91.18000030517578
136       99.58599853515625    90.93999481201172
137       99.58799743652344    91.22000122070312
138       99.56199645996094    91.04000091552734
139       99.62999725341797    90.93999481201172
140       99.61199951171875    91.16999816894531
141       99.63199615478516    90.97999572753906
142       99.61000061035156    91.0999984741211
143       99.64999389648438    91.00999450683594
144       99.61799621582031    91.08999633789062
145       99.63800048828125    91.0
146       99.68399810791016    91.23999786376953
147       99.63800048828125    91.07999420166016
148       99.70800018310547    91.12999725341797
149       99.65799713134766    90.98999786376953
150       99.6240005493164    91.04999542236328
151       99.68399810791016    91.12999725341797
152       99.70399475097656    91.1199951171875
153       99.73600006103516    91.07999420166016
154       99.70399475097656    91.22999572753906
155       99.7459945678711    91.05999755859375
156       99.70600128173828    91.20999908447266
157       99.70600128173828    91.15999603271484
158       99.7439956665039    91.05999755859375
159       99.66199493408203    91.04000091552734
160       99.75199890136719    91.16999816894531
161       99.68799591064453    91.14999389648438
162       99.70999908447266    91.12999725341797
163       99.71599578857422    91.15999603271484
164       99.79000091552734    91.18999481201172
165       99.75999450683594    91.04999542236328
166       99.76399993896484    91.22999572753906
167       99.70800018310547    91.0999984741211
168       99.73999786376953    91.22000122070312
169       99.75399780273438    91.15999603271484
170       99.73400115966797    91.16999816894531
171       99.73199462890625    91.31999969482422
172       99.75399780273438    91.16999816894531
173       99.73600006103516    91.20999908447266
174       99.73600006103516    91.16999816894531
175       99.7699966430664    91.2699966430664
176       99.7439956665039    91.22000122070312
177       99.7699966430664    91.20999908447266
178       99.76799774169922    91.20999908447266
179       99.75199890136719    91.22000122070312
180       99.76599884033203    91.05999755859375
181       99.73400115966797    91.14999389648438
182       99.7959976196289    91.18000030517578
183       99.75599670410156    91.22000122070312
184       99.75199890136719    91.2699966430664
185       99.71599578857422    91.15999603271484
186       99.71599578857422    91.08999633789062
187       99.76399993896484    91.07999420166016
188       99.75599670410156    91.18000030517578
189       99.73799896240234    91.04999542236328
190       99.77799987792969    91.0999984741211
191       99.78199768066406    91.22000122070312
192       99.7439956665039    91.12999725341797
193       99.76200103759766    91.08999633789062
194       99.7439956665039    91.04000091552734
195       99.7719955444336    91.20999908447266
196       99.75    91.13999938964844
197       99.81800079345703    91.00999450683594
198       99.78599548339844    91.25999450683594
199       99.7979965209961    91.12999725341797
